E: 1649804445.476288 0004 0004 29
E: 1649804445.476288 0001 001d 1
E: 1649804445.476288 0000 0000 0
E: 1649804445.693952 0004 0004 30
E: 1649804445.693952 0001 001e 1
E: 1649804445.693952 0000 0000 0
E: 1649804445.843161 0004 0004 30
E: 1649804445.843161 0001 001e 0
E: 1649804445.843161 0000 0000 0
E: 1649804445.856315 0004 0004 29
E: 1649804445.856315 0001 001d 0
E: 1649804445.856315 0000 0000 0
E: 1649804446.711596 0004 0004 14
E: 1649804446.711596 0001 000e 1
E: 1649804446.711596 0000 0000 0
E: 1649804446.796671 0004 0004 14
E: 1649804446.796671 0001 000e 0
E: 1649804446.796671 0000 0000 0